# Radial profiles  |  saved: 2026-04-28 08:33:21
# n_profiles: 4  |  max_length: 94  |  mean_std_length: 40
# blank cells = profile did not extend to this radius
radius	profile_1	profile_2	profile_3	profile_4	mean	std
0	7.31041e-10	7.69921e-10	6.44625e-10	6.93465e-10	7.09763e-10	4.63152e-11
0.25	7.38164e-10	7.16135e-10	6.1425e-10	6.73657e-10	6.85552e-10	4.72461e-11
0.5	7.29779e-10	6.87352e-10	6.24253e-10	6.43528e-10	6.71228e-10	4.08109e-11
0.75	7.36613e-10	7.09927e-10	6.22798e-10	6.33898e-10	6.75809e-10	4.85486e-11
1	7.11556e-10	6.64931e-10	6.21195e-10	6.48391e-10	6.61518e-10	3.28395e-11
1.25	7.12789e-10	6.90543e-10	6.22522e-10	6.4988e-10	6.68934e-10	3.50262e-11
1.5	7.33378e-10	6.89547e-10	6.37653e-10	6.544e-10	6.78745e-10	3.66835e-11
1.75	7.42844e-10	7.06961e-10	6.45893e-10	6.63062e-10	6.8969e-10	3.79172e-11
2	7.45575e-10	7.21745e-10	6.44371e-10	6.86155e-10	6.99462e-10	3.81936e-11
2.25	7.55168e-10	7.36363e-10	6.55005e-10	6.95932e-10	7.10617e-10	3.85874e-11
2.5	7.71919e-10	7.59406e-10	6.78164e-10	6.94501e-10	7.25997e-10	4.03268e-11
2.75	7.77899e-10	7.71171e-10	6.88243e-10	6.98952e-10	7.34066e-10	4.07153e-11
3	7.64022e-10	7.64747e-10	6.80115e-10	6.93168e-10	7.25513e-10	3.9145e-11
3.25	7.44052e-10	7.46112e-10	6.66172e-10	6.86924e-10	7.10815e-10	3.50514e-11
3.5	7.25603e-10	7.31715e-10	6.51048e-10	6.64401e-10	6.93192e-10	3.58453e-11
3.75	7.14192e-10	7.08049e-10	6.39916e-10	6.4848e-10	6.77659e-10	3.36684e-11
4	6.92497e-10	6.8549e-10	6.25508e-10	6.32219e-10	6.58928e-10	3.02602e-11
4.25	6.74868e-10	6.64873e-10	6.10417e-10	6.18331e-10	6.42122e-10	2.81119e-11
4.5	6.58752e-10	6.4974e-10	5.97455e-10	6.08033e-10	6.28495e-10	2.62153e-11
4.75	6.45424e-10	6.28368e-10	5.89047e-10	5.79961e-10	6.107e-10	2.70723e-11
5	6.33988e-10	6.24393e-10	5.73087e-10	5.70156e-10	6.00406e-10	2.90024e-11
5.25	6.23655e-10	6.03276e-10	5.6279e-10	5.65072e-10	5.88698e-10	2.58066e-11
5.5	6.07347e-10	5.9276e-10	5.57264e-10	5.60081e-10	5.79363e-10	2.13469e-11
5.75	6.0689e-10	5.75931e-10	5.52167e-10	5.50304e-10	5.71323e-10	2.28858e-11
6	6.05226e-10	5.73623e-10	5.50413e-10	5.44693e-10	5.68489e-10	2.38168e-11
6.25	6.10896e-10	5.75901e-10	5.43091e-10	5.41245e-10	5.67783e-10	2.84545e-11
6.5	5.88123e-10	5.67989e-10	5.41369e-10	5.37898e-10	5.58845e-10	2.05244e-11
6.75	5.89773e-10	5.60121e-10	5.40367e-10	5.26528e-10	5.54197e-10	2.37574e-11
7	5.90137e-10	5.36797e-10	5.35702e-10	5.20536e-10	5.45793e-10	2.63962e-11
7.25	5.77087e-10	5.31978e-10	5.36635e-10	5.16854e-10	5.40638e-10	2.22777e-11
7.5	5.70986e-10	5.3195e-10	5.33959e-10	5.14359e-10	5.37813e-10	2.06143e-11
7.75	5.63293e-10	5.38028e-10	5.40937e-10	5.16827e-10	5.39771e-10	1.6463e-11
8	5.68213e-10	5.32798e-10	5.43978e-10	5.13413e-10	5.396e-10	1.9811e-11
8.25	5.69336e-10	5.25179e-10	5.51916e-10	5.11842e-10	5.39568e-10	2.2441e-11
8.5	5.63642e-10	5.32858e-10	5.59119e-10	5.25302e-10	5.4523e-10	1.64474e-11
8.75	5.56481e-10	5.32266e-10	5.63792e-10	5.24969e-10	5.44377e-10	1.61772e-11
9	5.56561e-10	5.34434e-10	5.66902e-10	5.22158e-10	5.45014e-10	1.76544e-11
9.25	5.52616e-10	5.42073e-10	5.61475e-10	5.22103e-10	5.44566e-10	1.46758e-11
9.5	5.5169e-10	5.37859e-10	5.60665e-10	5.28657e-10	5.44718e-10	1.23282e-11
9.75	5.52617e-10	5.39331e-10	5.59706e-10	5.31259e-10	5.45728e-10	1.1103e-11
10	5.57446e-10	5.31132e-10	5.58503e-10			
10.25	5.54498e-10	5.33935e-10	5.64319e-10			
10.5	5.53252e-10	5.40249e-10	5.61922e-10			
10.75	5.49607e-10	5.4495e-10	5.61487e-10			
11	5.47487e-10	5.43445e-10	5.6495e-10			
11.25	5.49438e-10	5.45642e-10	5.80846e-10			
11.5	5.46359e-10	5.53365e-10	5.8219e-10			
11.75	5.42858e-10	5.54858e-10	5.75972e-10			
12	5.43268e-10	5.66267e-10	5.8257e-10			
12.25	5.40349e-10	5.67855e-10	5.86374e-10			
12.5	5.40237e-10	5.63055e-10	5.88185e-10			
12.75	5.44815e-10	5.60564e-10	5.89047e-10			
13	5.36778e-10	5.55033e-10	5.8433e-10			
13.25	5.37349e-10	5.59788e-10	5.91137e-10			
13.5	5.32391e-10	5.62127e-10	5.90784e-10			
13.75	5.37285e-10	5.59974e-10	5.90953e-10			
14	5.36402e-10	5.60305e-10	5.86924e-10			
14.25	5.34859e-10	5.62259e-10	5.83556e-10			
14.5	5.3677e-10	5.65402e-10	5.84867e-10			
14.75	5.34477e-10	5.65463e-10	5.78464e-10			
15	5.33488e-10	5.66304e-10	5.77679e-10			
15.25	5.34114e-10	5.63462e-10	5.80042e-10			
15.5	5.32236e-10	5.78945e-10	5.73614e-10			
15.75	5.28861e-10	5.66095e-10	5.7003e-10			
16	5.30207e-10	5.70019e-10	5.68425e-10			
16.25	5.37542e-10	5.68848e-10	5.66864e-10			
16.5	5.35457e-10	5.69608e-10	5.64499e-10			
16.75	5.37036e-10	5.71247e-10	5.67427e-10			
17	5.3905e-10	5.72161e-10	5.61676e-10			
17.25	5.36719e-10	5.75221e-10	5.56864e-10			
17.5	5.40847e-10	5.79235e-10				
17.75	5.40322e-10	5.79163e-10				
18	5.36724e-10	5.77971e-10				
18.25	5.39781e-10	5.7185e-10				
18.5	5.42881e-10	5.76156e-10				
18.75	5.44176e-10	5.76059e-10				
19	5.43428e-10	5.71181e-10				
19.25	5.45054e-10	5.69572e-10				
19.5	5.46178e-10	5.64986e-10				
19.75	5.48436e-10	5.70415e-10				
20	5.48968e-10	5.70306e-10				
20.25	5.4758e-10	5.65339e-10				
20.5	5.46119e-10	5.71479e-10				
20.75	5.45904e-10	5.72954e-10				
21	5.5356e-10	5.72246e-10				
21.25	5.52475e-10	5.73074e-10				
21.5	5.47661e-10	5.69991e-10				
21.75	5.47783e-10	5.7198e-10				
22	5.45229e-10	5.74039e-10				
22.25	5.45539e-10	5.73591e-10				
22.5	5.4302e-10	5.73252e-10				
22.75		5.77077e-10				
23		5.79393e-10				
23.25		5.7881e-10				
